3409
6640
827
9088
9613
3636
4737
6652
6641
8046
8103
2031
9025
3283
6653
657
2186
1267
9611
3241
4387
3403
4738
1297
8470
6638
2800
1274
4180
3692
721
6649
8105
1284
9417
4741
8823
4173
3024
3876
1270
4509
8543
2745
8692
8467
9420
4172
9183
3637
9371
9375
3247
4743
9181
3242
4550
2801
4745
2188
8546
1952
4744
9750
8542
2178
8820
3288
9559
2292
8048
9182
10076
3515
8232
8465
9373
8461
3022
3401
4969
3285
9116
9185
9418
6617
2274
2074
8687
8824
4390
3880
6610
3020
8237
797
8231
3357
3127
4597
8985
8333
6742
3723
8983
9444
8085
8331
3356
1745
8161
4281
1014
2010
8573
813
4705
2147
6730
9850
8671
4321
4749
4923
4429
2169
4315
1038
8797
4913
9406
3122
8334
4925
8670
1046
4285
8590
9594
3442
1041
6709
2030
6415
6708
6970
6414
3735
4916
9595
8792
6728
1035
2222
8165
9018
3448
4813
9521
1020
8794
9008
9525
4318
3739
1030
9232
2021
6737
4121
6736
9234
6717
8579
8338
8277
3125
6724
4283
8793
6720
3270
9524
3353
4231
4084
2301
4212
4316
9094
6760
8663
3274
4748
6735
8271
1042
9019
1047
3446
4599
4089
4701
9040
2295
2018
6079
3088
6070
6058
4874
2204
8198
1580
2782
3708
6047
4588
3074
8995
714
6085
4537
2299
986
6100
9084
9795
8569
3083
4594
4592
10063
6049
9315
9194
1448
10040
9670
3581
887
6030
2115
8628
972
6156
1883
9125
9003
4696
2181
1949
9453
8320
6131
4402
826
8318
2039
1414
9064
775
3180
3412
3028
4099
895
1550
8722
9313
1437
4817
2154
8429
8490
3346
8835
2187
4873
2089
10046
732
9056
8197
1432
9646
6148
8726
2183
4273
4567
9311
2296
8311
644
9061
865
9379
8834
9207
6088
6039
3082
1445
453
8627
6096
9809
4257
1435
4539
6080
6028
3961
9565
6015
1234
9009
3965
3084
4405
6122
6012
3801
6159
1944
3417
4820
4094
8625
1547
9807
841
4379
678
6134
9649
2035
9210
4134
8624
8489
2165
8317
4570
4381
8269
9323
1997
6136
9564
6042
9498
6154
6149
2783
4770
2297
6017
3343
4272
9145
4095
3008
3805
8421
4904
6585
4229
6157
4364
711
1496
3707
3007
6174
8379
3994
4571
3184
974
4274
435
9034
9292
6153
3619
9269
8377
8195
2266
1419
9122
3658
1579
3809
395
4258
2179
8064
9813
8262
2120
9073
6602
4902
6123
4769
1208
4376
786
3928
3340
713
4479
8371
10067
6581
6584
3397
2250
1204
8313
3991
4292
2176
6009
6141
2233
349
3006
8378
6598
6113
4699
8066
9270
4093
3030
3071
4295
1244
3995
1886
3999
155
4296
1950
6588
9814
4909
4587
8814
2132
3552
6140
9773
3396
8068
4585
10037
9325
2040
6782
4723
4477
3170
9189
2234
9062
4100
2175
4478
10047
2251
1394
1212
9141
6034
9075
3391
3189
8819
2041
3342
9772
9007
9466
4365
4774
1382
9467
1216
3400
2288
8375
3649
8224
4931
1876
4065
6796
2254
8052
2900
4838
2193
3648
4354
3225
1868
1519
8383
3591
4199
8285
1856
8060
4619
3593
9697
4565
8788
1867
1862
8653
3307
3226
4066
9600
4063
6816
8517
6793
3483
3075
4617
9698
1878
4711
4242
4783
2284
4353
4621
6794
3537
1177
3155
2192
479
3302
9699
8512
4927
9057
9029
9055
3220
9742
1864
8228
3076
8051
9069
2164
9744
3154
4671
9010
118
3157
2009
9060
2221
3077
8290
9043
8785
4520
9427
9482
3536
4929
8435
9661
1319
9736
8557
3096
1162
8180
9023
1343
3255
9341
3953
3933
6691
10059
9446
1305
3934
9448
4535
8417
8095
6667
9844
2253
873
4885
1342
6674
3525
8644
6694
3655
4443
8913
9662
1309
3528
6663
4833
2765
4831
6897
1345
3576
2208
8099
1315
4708
9447
8431
3543
9738
6703
1313
8918
8893
4536
9342
6659
9106
4762
9037
3529
9663
4342
2008
10060
1161
1320
9127
4532
791
9013
4881
9050
3540
3471
4883
8433
2262
4162
8942
9450
1485
9344
8434
1537
3932
3931
9012
3097
9782
9841
2848
4650
3938
6891
8432
521
9618
382
359
8117
3373
1459
9489
9762
4451
1473
6294
1795
9047
3004
9035
3697
9620
1790
2269
9146
3213
1849
366
8158
3983
3462
9070
3377
1183
4664
10034
8601
3987
6472
3600
4438
1998
8204
8474
9551
1769
9304
3974
2138
1772
9158
9853
4666
6479
3376
9033
4436
1584
4450
8498
4432
1466
9490
1767
8153
9275
2290
3003
3596
6488
2110
3907
3465
8203
1982
8478
8950
1747
8215
289
1846
6258
9761
4613
6960
9011
3322
6482
2257
2732
8769
9506
4948
6439
6265
4251
6469
4829
8475
4603
112
1181
3375
1178
8776
3002
3981
3597
6962
3990
9147
8118
9063
8499
6280
8606
1476
6487
3975
9804
6445
8607
9626
8207
9032
4654
6288
6290
6565
8500
6494
1200
9272
3324
6476
3374
2124
2270
1452
1926
8603
9351
3908
2133
3599
6277
1762
9851
2759
8771
9001
4615
9802
6471
6256
6284
4439
8473
9041
9760
115
8737
2716
3732
578
3844
8738
2000
6199
3192
6227
8736
10032
6226
4044
6210
3848
1635
2159
2227
6837
8857
4238
8856
4049
1921
6211
677
3103
533
9775
3100
3511
6204
4042
8388
9857
4045
8619
6206
8615
4041
3429
6181
176
8613
3368
6237
8391
6240
6832
2286
1649
3046
6236
8678
3430
2078
6424
4790
6925
6913
912
4016
4050
9059
4017
2082
4051
4336
4753
9776
2194
8134
4695
6425
4786
4864
4804
6922
9332
1533
9858
4011
4972
501
4239
8850
2189
9334
4475
6841
3428
6826
8390
6924
2303
9779
10054
391
587
4047
9358
2239
6827
9692
1637
9366
9053
9335
3190
10030
9356
1528
3109
3193
6825
2231
9080
9778
4577
4058
741
3108
3101
8368
4522
2146
2028
3061
9244
6324
9590
6336
4248
4526
6350
4729
4730
6335
6347
3235
1116
9831
9588
4306
2255
4728
4978
1130
1134
4467
4246
2180
8364
4072
1108
901
9643
4727
8713
9835
792
9832
1103
3454
8712
2805
8370
1135
6334
4642
3452
4726
1142
1119
3234
8502
2629
9392
9642
3231
3460
6306
3453
1968
6333
4078
6323
4643
2223
8510
10074
8367
4981
9093
2225
6346
9833
2630
8362
4421
8005
8921
1570
6761
3820
9091
4419
4372
9567
9317
4156
4687
6771
8731
8976
8744
4266
3917
8973
3814
8926
9679
2282
2006
4855
2119
9678
4148
4500
3330
2236
3362
8745
2104
8026
465
6770
4887
8328
2259
4917
4268
9828
4720
2061
3816
2279
4853
2278
4501
4155
1806
8971
6575
6420
8326
8924
9318
4375
9038
9049
2196
4151
3612
1003
3129
4123
3622
2199
2005
4734
9495
4046
9758
4561
4420
4418
9162
461
2637
8696
2280
2229
3813
4572
9164
2216
8735
6774
4124
9165
4157
3915
8859
6741
2218
4558
3365
4152
2287
8791
9517
2051
4890
9320
1002
9716
2212
4373
4690
2043
9491
8982
3337
4922
1830
9680
8925
4852
2302
8739
2244
2149
9518
1824
9068
4920
2815
6875
9591
3670
579
4900
4183
4622
1702
1019
3609
9505
584
1024
457
1719
2291
3667
6710
503
9233
9656
8751
4314
9710
8753
8020
4797
8675
2158
4556
3044
9260
10035
6707
2135
6732
1712
4305
3669
9502
6928
6749
4503
9786
8756
1717
6934
4184
3825
6251
1701
3830
2153
3883
8572
3888
9074
3271
4800
9299
580
3140
8015
3017
1709
4182
6250
3272
9712
9300
8253
3354
8758
2195
4303
4087
8082
3149
9297
9328
3823
9503
9623
3827
6926
4554
2048
9501
9264
4896
3018
4233
9298
9593
4502
4301
8984
9111
6930
4422
3829
6927
2128
3040
3668
9711
1833
2267
1834
3016
4625
2245
9718
3043
9657
6751
1622
8256
9785
4703
6740
2105
1724
9638
4899
9178
4898
3143
9787
3884
1008
9087
3828
8255
4506
9017
3121
8090
3821
6929
9048
4215
8260
8084
4423
9445
4901
9660
9575
8127
4793
4869
6529
363
1079
8245
3067
1081
1088
3866
2148
6541
3431
9092
4277
8397
6538
9138
1093
4264
8532
9675
3438
9464
1091
6531
9723
1591
6514
6554
4640
9465
9769
6511
4330
6504
273
4103
8400
4638
4262
3290
4141
8905
3065
4544
10036
4117
9655
4415
4610
4792
1778
669
460
1096
9137
3643
4937
9438
8700
2114
9290
2217
9308
3291
9673
9794
9082
9821
4611
3432
4465
1845
2185
6505
9288
3299
8246
6517
8124
8706
3297
9790
9089
4866
8703
4276
9720
9090
4327
4144
2142
6496
8900
9136
4675
9289
4119
9792
2184
9767
4677
4674
9139
4107
9437
4637
4101
8907
4142
9722
4493
8401
3645
4265
4463
8539
4413
3868
4278
4279
9653
9098
4105
2016
2198
9028
4795
9015
2162
8123
3069
4938
3136
300
1071
2067
1598
4545
2271
1940
4188
4127
3389
1978
8871
3204
3208
8530
1671
6364
9196
6378
1933
8528
2011
8182
3705
4192
3381
9817
3550
4392
10068
4760
8459
6395
8454
1659
641
2213
4130
879
2729
3384
6358
3388
9820
9687
3491
8525
2622
2264
9476
8455
9412
4288
4490
8529
1655
8452
9478
9414
1664
6399
9690
4001
1662
2770
6388
4129
2293
9686
9281
4290
9077
1698
4194
9819
6376
9539
9688
3201
3498
9415
9284
9727
9538
3680
4128
6379
4004
4879
8453
3495
1676
2155
4391
4393
4289
4824
4825
4821
2107
2215
2230
4757
9816
1686
4287
6382
8181
4809
6953
2172
4936
9218
8032
8632
9398
4335
6632
4331
8640
9265
8960
4484
6634
3574
8635
3572
1733
8636
9602
1732
752
8355
4933
3405
9237
4207
3166
8358
4528
8043
10065
3169
8031
9202
8040
738
8634
6947
3407
6615
3163
737
3408
3874
3312
4934
6948
3011
6619
8353
1376
4202
9238
9847
1361
4217
9217
1291
1275
2103
8077
1272
9083
9205
4114
8042
4216
6946
1739
3310
6949
3316
3318
10043
3162
4806
4210
6606
9396
9545
3854
9848
8581
8039
8586
3314
4777
6950
2235
8964
9683
4218
8035
4220
4810
8357
2069
3317
9399
3682
3014
4204
8071
4778
6951
2298
9837
749
2283
2263
2003
3858
